64.8520243419 0.7056094829 0.0346930782 NIRPS
64.8544757031 0.7666066778 0.0348412913 NIRPS
64.8569270638 0.8083884994 0.0343935170 NIRPS
65.8675403399 0.6290103921 0.0396763100 NIRPS
65.8705078890 0.5084727195 0.0371175728 NIRPS
65.8729592571 0.5420141060 0.0363563676 NIRPS
67.8259702688 0.6194536314 0.0426424223 NIRPS
67.8284216360 0.6522603697 0.0618665183 NIRPS
67.8308730009 0.5765109294 0.0395370884 NIRPS
70.8548144270 0.7030342777 0.0379313939 NIRPS
70.8572657942 0.7123200538 0.0369759920 NIRPS
70.8597171600 0.7113537847 0.0375859227 NIRPS
71.8525088080 0.6361578610 0.0397887528 NIRPS
71.8549601790 0.6292923426 0.0392326897 NIRPS
71.8574115490 0.6539310614 0.0394938397 NIRPS
105.8698896230 -0.2440521729 0.0357012099 NIRPS
105.8723410009 -0.2144677050 0.0362747521 NIRPS
105.8747923798 -0.2107547484 0.0352489170 NIRPS
106.8733482161 -0.4226282181 0.0389059182 NIRPS
106.8757995921 -0.2647845860 0.0388275924 NIRPS
106.8782509691 -0.3776899282 0.0382835954 NIRPS
107.8792648339 -0.3007037055 0.0376720922 NIRPS
107.8822969850 -0.1894572622 0.0376572176 NIRPS
107.8852645452 -0.2118640150 0.0374354969 NIRPS
108.8841444780 -0.3865285121 0.0440877273 NIRPS
108.8865958489 -0.3658746692 0.0454628436 NIRPS
109.8737951019 -0.1691007433 0.0391966396 NIRPS
109.8762464761 -0.2081518138 0.0395702696 NIRPS
109.8786978521 -0.2515910076 0.0392484549 NIRPS
112.7761436789 -0.0723278547 0.0340592956 NIRPS
112.7785950541 -0.1150580662 0.0336681348 NIRPS
112.7810464301 -0.1197387564 0.0339831478 NIRPS
112.7834978048 -0.1320630997 0.0333661270 NIRPS
112.7859491808 -0.0556537630 0.0332815431 NIRPS
112.7884005550 -0.0811118182 0.0329286120 NIRPS
113.8692826759 -0.0300620583 0.0355297146 NIRPS
113.8717340478 -0.0525080949 0.0350711708 NIRPS
113.8741854210 -0.0915236654 0.0348902740 NIRPS
113.8766367929 -0.0079390843 0.0344320266 NIRPS
113.8790881648 -0.0543475434 0.0345160185 NIRPS
113.8815395362 -0.0372045027 0.0347482015 NIRPS
114.8767883801 -0.0605672129 0.0433115699 NIRPS
114.8792397482 -0.0686794548 0.0411292315 NIRPS
114.8816911159 -0.0928449219 0.0393971330 NIRPS
115.8598004961 0.0864475434 0.0377792451 NIRPS
115.8622518610 0.0549398892 0.0386691320 NIRPS
115.8647032292 0.0000000000 0.0385076378 NIRPS
136.8198442091 0.8690609571 0.0420998964 NIRPS
136.8222955409 0.9122632077 0.0422340376 NIRPS
137.6195045528 0.8963801144 0.0364483805 NIRPS
137.6219558879 0.8902028154 0.0357602915 NIRPS
138.8344201841 0.7850983807 0.0356511781 NIRPS
138.8373876889 0.7685515056 0.0362815660 NIRPS
139.7276201011 0.8330156042 0.0423150267 NIRPS
139.7300714292 0.8834357478 0.0401759717 NIRPS
139.7325227559 0.8823770343 0.0394155461 NIRPS
140.7457903922 1.0348739789 0.0393685144 NIRPS
140.7482417221 1.0491120917 0.0398403430 NIRPS
140.7506930521 1.0644800778 0.0403098714 NIRPS
141.8313577282 0.9721813374 0.0382269105 NIRPS
141.8338090498 0.8915909752 0.0386139191 NIRPS
142.8611813160 0.9245894941 0.0344270543 NIRPS
142.8636326380 0.8944874702 0.0351100882 NIRPS
143.8790056799 0.7786849997 0.0367517807 NIRPS
143.8814569991 0.7582238550 0.0367137096 NIRPS
144.8226393168 0.8172591227 0.0362810255 NIRPS
144.8250906351 0.7596084708 0.0357372539 NIRPS
145.8395681931 0.7924139726 0.0373851041 NIRPS
145.8420195049 0.8342141847 0.0375015180 NIRPS
146.7541766181 0.7969710842 0.0366874582 NIRPS
146.7566279322 0.8622294513 0.0368933187 NIRPS
147.6399518568 0.7819020677 0.0370877549 NIRPS
147.6424031709 0.7794356773 0.0371248431 NIRPS
148.7478325102 0.6716372562 0.0395737501 NIRPS
148.7502838182 0.7177725720 0.0396633543 NIRPS
149.8359763362 0.5900399397 0.0387792639 NIRPS
149.8389438181 0.5819870025 0.0390675969 NIRPS
150.7446493302 0.4701732335 0.0455491318 NIRPS
150.7476168051 0.4869649190 0.0433090402 NIRPS
151.6855876260 0.3830903888 0.0436032280 NIRPS
151.6880389322 0.4290766683 0.0439706465 NIRPS
152.8057947541 0.4110502117 0.0598277726 NIRPS
152.8082460510 0.3025653282 0.0584794946 NIRPS
153.8328383300 0.5246090221 0.0395877319 NIRPS
153.8352896222 0.4529935178 0.0397804132 NIRPS
163.6189153758 -0.1409438356 0.0432310930 NIRPS
163.6213666392 -0.1149367428 0.0424373845 NIRPS
164.5538838818 -0.1876351241 0.0486824416 NIRPS
165.7808104991 -0.0667907636 0.0404931752 NIRPS
165.7832617569 -0.0416101999 0.0403271321 NIRPS
166.5730801141 -0.1148351828 0.0405936901 NIRPS
166.5755313719 -0.0764979854 0.0393821963 NIRPS
167.5754597038 -0.1355685918 0.0415517641 NIRPS
167.5784271201 -0.2745937688 0.0414104930 NIRPS
168.6091404161 -0.0895623510 0.0478234318 NIRPS
168.6115916660 -0.0252389616 0.0475620469 NIRPS
169.6656409190 -0.1053873359 0.0425784364 NIRPS
169.6680921670 -0.1290295819 0.0431132046 NIRPS
172.8041935209 -0.1552506730 0.0433086217 NIRPS
172.8066447610 -0.1262068390 0.0416511016 NIRPS
173.7420572960 -0.3241204231 0.0442184428 NIRPS
173.7445085342 -0.2177385927 0.0450769206 NIRPS
196.6212287159 -0.2640819637 0.0429361919 NIRPS
196.6255507842 -0.2860727750 0.0456144670 NIRPS
196.6280019530 -0.3263361324 0.0450180460 NIRPS
197.6376066529 -0.1991711901 0.0471335779 NIRPS
197.6400578180 -0.2354673201 0.0485490390 NIRPS
198.6108328570 -0.1883868525 0.0450843592 NIRPS
198.6132840230 -0.3464740588 0.0454681722 NIRPS
200.7675090479 -0.2122049341 0.0494062516 NIRPS
200.7699602051 -0.2016368506 0.0491581098 NIRPS
201.7628508578 -0.2339411197 0.0467411954 NIRPS
201.7653020122 -0.1746560692 0.0455249401 NIRPS
203.7036411129 -0.1235680923 0.0420498004 NIRPS
204.7683511330 -0.0479451867 0.0418268129 NIRPS
204.7708022790 -0.1753996036 0.0443354520 NIRPS
223.6505246549 1.0614388254 0.0520350380 NIRPS
223.6529757380 0.9959125067 0.0532565476 NIRPS
259.5351409558 0.3290998134 0.0427148147 NIRPS
259.5375919971 0.2867464827 0.0429173271 NIRPS
259.5400430360 0.3054831527 0.0429399464 NIRPS
64.8508970300 0.4377508506 0.0597009192 HARPS
64.8536171098 0.3046610710 0.0584588089 HARPS
64.8562793098 0.3847300735 0.0585415133 HARPS
65.8664699001 0.5479716575 0.0673974159 HARPS
65.8691552500 0.5259670072 0.0693894720 HARPS
65.8718521800 0.5459999951 0.0652225854 HARPS
67.8249855000 0.4567614835 0.0641852931 HARPS
67.8277055798 0.3912491350 0.0666497810 HARPS
67.8303909400 0.3204562453 0.0614245051 HARPS
70.8538625799 0.3802667216 0.0594998908 HARPS
70.8565479401 0.2497137358 0.0603060815 HARPS
70.8593027499 0.7530960018 0.0760533708 HARPS
71.8514630501 0.7415946244 0.0795548530 HARPS
71.8541484098 0.6255141890 0.0778478227 HARPS
71.8568337802 0.6700069079 0.0811920148 HARPS
105.8688231301 -0.7150665987 0.0662196815 HARPS
105.8714390500 -0.5972732483 0.0721857130 HARPS
105.8741707201 -0.8722540850 0.0673595501 HARPS
105.8790668999 -0.8773315165 0.0698171326 HARPS
105.8817522698 -0.7269364183 0.0702051802 HARPS
105.8844376402 -0.8780954661 0.0688561807 HARPS
106.8722726600 -0.6182680708 0.0608495821 HARPS
106.8749348801 -0.7968927233 0.0575947700 HARPS
106.8775971001 -0.7527725459 0.0550557624 HARPS
106.8824354000 -0.8001757830 0.0572705086 HARPS
106.8850976201 -0.8448681711 0.0565300522 HARPS
106.8877598401 -0.6777261867 0.0563856156 HARPS
107.8783725402 -0.0391432451 0.0619892604 HARPS
107.8810579102 -0.0822174161 0.0585921407 HARPS
107.8837548601 0.0577782474 0.0621138266 HARPS
107.8902715198 -0.0139247600 0.0655762386 HARPS
107.8929568902 0.0983163316 0.0611927980 HARPS
107.8956422601 0.0413059208 0.0598271979 HARPS
109.8728849799 0.0415623070 0.0617903988 HARPS
109.8755703499 -0.0019960020 0.0626209346 HARPS
109.8782788701 -0.0086012741 0.0628873199 HARPS
109.8828972401 0.0194726112 0.0635702616 HARPS
109.8856057599 -0.0301818688 0.0604578439 HARPS
109.8882911298 0.0644576569 0.0609176496 HARPS
112.7751774099 0.1318073165 0.0667561328 HARPS
112.7778396201 0.3197854626 0.0727150549 HARPS
112.7806175901 0.4446812851 0.0737335274 HARPS
112.7832566500 -0.0790105098 0.0529545683 HARPS
112.7859188700 0.5105988333 0.0811457110 HARPS
112.7953871000 0.2046331907 0.0667304550 HARPS
112.7980724699 0.2079232504 0.0662357476 HARPS
112.8007346899 0.2184837592 0.0675680702 HARPS
112.8034663498 0.0658139969 0.0617195268 HARPS
112.8061054200 0.0432996070 0.0591370736 HARPS
112.8088255101 0.0689577641 0.0622861537 HARPS
113.8683759598 0.2676137270 0.0690463169 HARPS
113.8710381798 0.2212768684 0.0699278551 HARPS
113.8737698402 0.2077923229 0.0701676699 HARPS
113.8764320598 0.1995210726 0.0694123732 HARPS
113.8790942701 0.2860903943 0.0671564407 HARPS
113.8818259402 0.1511530815 0.0648773985 HARPS
113.8864095798 0.1724810068 0.0645588177 HARPS
113.8890949399 0.1104921454 0.0635415895 HARPS
113.8917571600 0.2132510097 0.0651695890 HARPS
113.8944888199 0.1796788628 0.0620755608 HARPS
113.8971278900 0.2195078106 0.0634110739 HARPS
113.8998364098 0.1598900807 0.0688323317 HARPS
114.8812793200 0.3611582665 0.0768280079 HARPS
115.8587632198 0.2454010912 0.0622195437 HARPS
115.8614948802 0.3933375573 0.0697399489 HARPS
115.8642033902 0.2895602839 0.0689606859 HARPS
115.8691226998 0.3821994329 0.0675967256 HARPS
115.8718080600 0.2087656373 0.0631684232 HARPS
115.8744934299 0.3521363257 0.0678623920 HARPS
136.8201018302 0.1377021176 0.0434736246 HARPS
136.8276716699 0.1669382197 0.0388991647 HARPS
137.6108375099 -0.0055120863 0.0383723235 HARPS
137.6193796201 0.1861233311 0.0411678278 HARPS
138.8344419501 0.1640241282 0.0426899963 HARPS
138.8437364101 0.1773554757 0.0467413034 HARPS
141.8315462898 0.1537893501 0.0477660650 HARPS
141.8395443601 0.0590306135 0.0445112436 HARPS
143.8791430402 -0.0386605429 0.0419533737 HARPS
143.8864697702 0.0701995358 0.0483688980 HARPS
144.8226701301 0.0411225413 0.0441475156 HARPS
144.8299042499 0.0825384152 0.0434338121 HARPS
145.8396140100 0.1619263412 0.0513783117 HARPS
146.7542839400 -0.0364227609 0.0390125666 HARPS
147.6401671101 0.2669797559 0.0586497165 HARPS
147.6473896499 -0.0137874603 0.0471793391 HARPS
148.7478527902 0.1046183943 0.0524714142 HARPS
148.7558276602 0.0925067485 0.0527191572 HARPS
149.8361498900 0.0156252877 0.0513675067 HARPS
149.8439974301 0.0796488018 0.0525507919 HARPS
150.7448900999 0.3880897195 0.0635053929 HARPS
150.7522978000 0.3615696847 0.0631194437 HARPS
151.6857024701 0.1656969500 0.0587830558 HARPS
151.6928439499 0.1158376623 0.0602985042 HARPS
152.8059883001 0.4599259116 0.0732457799 HARPS
152.8135233098 0.3445521627 0.0720983930 HARPS
153.8330634199 0.1039808377 0.0564203347 HARPS
153.8406331502 0.0892571653 0.0563319601 HARPS
163.6191104101 -0.2096531458 0.0457712089 HARPS
163.6264832900 -0.1917007399 0.0454933491 HARPS
164.5539836902 -0.2726030753 0.0442956935 HARPS
164.5608009901 -0.0812200098 0.0500556604 HARPS
165.7808536398 -0.4271499356 0.0439934648 HARPS
165.7880065800 -0.4257793227 0.0422647544 HARPS
166.5731867100 -0.3123268340 0.0405069600 HARPS
166.5805364102 -0.2423399332 0.0450169608 HARPS
167.5755351800 -0.2551004908 0.0431413280 HARPS
167.5830353401 -0.2876522460 0.0447214858 HARPS
168.6092257299 0.2949954211 0.0706792509 HARPS
168.6174666299 -0.1292728748 0.0509495088 HARPS
169.6657627202 -0.0784760543 0.0574424776 HARPS
169.6771402499 -0.2495794888 0.0485987773 HARPS
170.7083282699 -0.4361890019 0.0328830703 HARPS
172.8044511601 -0.0721626190 0.0580443740 HARPS
172.8132591699 -0.4370098110 0.0394142135 HARPS
173.7421850502 -0.3034733898 0.0464197564 HARPS
173.7492684801 -0.3293313812 0.0501328801 HARPS
196.6257345201 -0.3293795563 0.0470709854 HARPS
196.6325747101 -0.4134036608 0.0424145819 HARPS
197.6377929202 -0.1854650912 0.0523997071 HARPS
197.7145974101 -0.4557012300 0.0384700230 HARPS
198.6111007198 -0.3710757880 0.0481519181 HARPS
198.6177672800 -0.2072093008 0.0504978555 HARPS
200.7677557501 -0.1582622589 0.0497958447 HARPS
200.7745611798 -0.0925413606 0.0572923071 HARPS
201.7631082800 -0.2400320769 0.0444462878 HARPS
201.7759089698 -0.3174966829 0.0451204112 HARPS
203.7013805402 -0.4037307459 0.0366669312 HARPS
203.7079660501 -0.3749690532 0.0370362325 HARPS
204.7684990601 -0.2696968381 0.0454987154 HARPS
204.7751077102 -0.2597107042 0.0474999951 HARPS
253.5502206599 0.0019960020 0.0454020992 HARPS
253.5551740499 -0.1087171617 0.0413521885 HARPS
253.5602200301 -0.0572707810 0.0435561341 HARPS
254.5427849400 -0.1351391800 0.0401502707 HARPS
254.5478077698 -0.0646500278 0.0403169149 HARPS
254.5528074498 -0.1574902683 0.0392011173 HARPS
255.5775219798 -0.0220863083 0.0471858355 HARPS
255.5825216598 -0.1313071568 0.0447545151 HARPS
255.5874403301 0.0678438174 0.0498182298 HARPS
256.6094230702 0.1677712856 0.0503671858 HARPS
256.6144227502 -0.0091100596 0.0502066605 HARPS
256.6194687202 0.2169752714 0.0544469491 HARPS
258.5699320599 0.2246897433 0.0482691980 HARPS
258.5749317301 -0.0474513159 0.0438016728 HARPS
258.5799313998 0.0974544382 0.0465092306 HARPS
260.6042424901 -0.1537804509 0.0396665227 HARPS
260.6092537302 -0.2304776425 0.0405985572 HARPS
260.6142533999 -0.1370239030 0.0420884545 HARPS
261.5199108399 -0.0433901995 0.0514687085 HARPS
267.5599080701 0.3844866152 0.0779199277 HARPS
267.5649656001 0.3162673340 0.0773835073 HARPS
268.5306055001 -0.1824196909 0.0440179344 HARPS
268.5355241401 -0.3124496486 0.0384465931 HARPS
268.5405469500 -0.2656411774 0.0408924107 HARPS
269.5284073399 0.0129328442 0.0456536277 HARPS
269.5332681099 0.0234931738 0.0500713106 HARPS
269.5384529401 0.0300626031 0.0511507526 HARPS
270.5250863698 -0.0667945523 0.0610544873 HARPS
270.5299934400 -0.1924577852 0.0532081101 HARPS
270.5351551198 0.1081138367 0.0585648117 HARPS
280.4852158702 -0.2558817003 0.0540147573 HARPS
280.4902155199 -0.1968432888 0.0550277148 HARPS
280.4953077598 -0.2875692518 0.0595910359 HARPS
282.5299114399 -0.4100436523 0.0457530433 HARPS
282.5350036700 -0.4153220412 0.0434303196 HARPS
282.5399107402 -0.3691868150 0.0462032792 HARPS
283.4724153299 0.0682801523 0.0634696765 HARPS
283.4773108298 -0.1862494692 0.0440761748 HARPS
283.4821716002 -0.0149929737 0.0498581403 HARPS
284.4966266002 0.1304598076 0.0647634938 HARPS
284.5018114299 0.0793702414 0.0607057334 HARPS
284.5067184898 -0.1776316261 0.0494821874 HARPS
285.4991843901 0.4445807542 0.0797509614 HARPS
286.5006428398 -0.1318457742 0.0476422459 HARPS
286.5055036200 -0.2016805553 0.0482342148 HARPS
286.5105032702 -0.1302848573 0.0486515778 HARPS
287.4890815099 -0.3020029314 0.0401107688 HARPS
287.4940348701 -0.2186877365 0.0409224966 HARPS
287.4990345300 -0.2917988218 0.0401234772 HARPS
288.4878437002 -0.1114216012 0.0409576809 HARPS
288.4928896502 -0.1403287924 0.0435197915 HARPS
288.4978893101 -0.2080908604 0.0417791240 HARPS
