2458417.2116559702 -4.0555152219 0.3641550793 ESPRESSO
2458425.0767519400 -5.7152298244 0.3603033241 ESPRESSO
2458426.0288043800 -3.4940158994 0.3427503056 ESPRESSO
2458432.0272045499 -8.5574600975 0.4527741484 ESPRESSO
2458432.2143919799 -9.4442664189 0.4230283154 ESPRESSO
2458433.2335592899 -4.7916295660 0.3833333416 ESPRESSO
2458435.0559462099 -4.5434134639 0.3463271655 ESPRESSO
2458436.0295973299 -5.6205501233 0.3433245587 ESPRESSO
2458436.1565781399 -5.8061971580 0.3687177491 ESPRESSO
2458437.0542235998 -1.9406706573 0.4688322025 ESPRESSO
2458439.0741167800 -0.9222912809 0.4055036672 ESPRESSO
2458445.0236971299 3.2019530479 0.4233493709 ESPRESSO
2458446.0178934499 2.8507441961 0.3757480161 ESPRESSO
2458447.0916267401 -1.9976174807 0.3688464763 ESPRESSO
2458448.0373558202 -1.0483796510 0.3873365112 ESPRESSO
2458449.0458558500 0.4737714604 0.3711598247 ESPRESSO
2458451.0218066499 -6.1715908661 0.3688525840 ESPRESSO
2458453.0317491000 -3.7496846621 0.4045340632 ESPRESSO
2458456.0344254700 -7.2644929450 0.3107757322 ESPRESSO
2458457.1122766999 -6.9026976931 0.4218811438 ESPRESSO
2458459.1120532099 -10.6186011934 0.3277717164 ESPRESSO
2458466.1478909999 -7.2764267037 0.4870702472 ESPRESSO
2458471.0379380002 -5.1263653952 0.4028211132 ESPRESSO
2458472.1049170601 -4.3570573251 0.4472962029 ESPRESSO
2458475.0602799300 -8.2081391353 0.3576234787 ESPRESSO
2458476.0532691898 -7.6979457783 0.3570092831 ESPRESSO
2458479.0270003001 -9.2112726223 0.4775703038 ESPRESSO
2458479.0503483200 -9.9437722209 0.4153930559 ESPRESSO
2458480.0450172299 -9.9146033993 0.5289610380 ESPRESSO
2458480.0680344598 -8.9087230742 0.4485286006 ESPRESSO
2458481.0434130202 -12.8484999498 0.3701657869 ESPRESSO
2458488.0430851802 -5.0734194381 0.4575978461 ESPRESSO
2458490.0446164999 -1.3080144821 0.4410354029 ESPRESSO
2458495.0523879598 2.4571543783 0.6192310239 ESPRESSO
2458497.0496215299 -3.3901416821 0.4812645724 ESPRESSO
2458500.0480539599 -6.1963071197 0.4221409010 ESPRESSO
2458501.0486766798 -5.0987080105 0.4464059607 ESPRESSO
2458509.0327843800 -2.8973780395 0.4364471769 ESPRESSO
2458511.0292462702 -2.5935007468 0.4760317482 ESPRESSO
2458512.0222001402 -3.1114188951 0.6538458506 ESPRESSO
2458518.0248274398 2.5563997867 1.0116865189 ESPRESSO
2458669.2930973000 3.3091216874 0.4931953077 ESPRESSO
2458671.3486019499 2.2212608551 0.3633062101 ESPRESSO
2458674.3284548898 -1.8404180904 0.3619257105 ESPRESSO
2458675.4080620902 1.7516523160 0.3294974726 ESPRESSO
2458677.3717931998 -1.8871466111 0.3190391470 ESPRESSO
2458680.3235846302 3.0673051285 0.3652935446 ESPRESSO
2458683.3086447301 6.0694483779 0.3875213811 ESPRESSO
2458694.2971150498 10.6576395339 0.3380334498 ESPRESSO
2458698.3000068199 6.5410154570 0.6089797717 ESPRESSO
2458699.2821300402 5.7071229924 0.3549507673 ESPRESSO
2458700.3934034398 -0.0749934177 0.3047186609 ESPRESSO
2458702.2709479202 4.4330313980 0.3422149784 ESPRESSO
2458704.2872103201 -8.3645954533 0.8421906054 ESPRESSO
2458706.2810459500 1.9847955150 0.7228547929 ESPRESSO
2458708.2915505399 0.8083919638 0.3825120897 ESPRESSO
2458676.4093424999 1.4906740901 0.3330041705 ESPRESSO
2458677.3994653402 -2.5438440939 0.3037679842 ESPRESSO
2458678.3842787598 -1.7587096621 0.3166876013 ESPRESSO
2458680.3993632798 3.0058711337 0.2857026291 ESPRESSO
2458683.3710461101 5.7431747260 0.3081155815 ESPRESSO
2458693.2713409201 7.8399246589 0.3001862851 ESPRESSO
2458694.2714077798 10.2058161932 0.3904203119 ESPRESSO
2458698.2723641898 6.9690259020 0.5403697882 ESPRESSO
2458699.3733374402 4.7239950486 0.3506252744 ESPRESSO
2458705.2234801599 1.0363289393 0.4537913477 ESPRESSO
2458706.3104011798 2.5549042690 0.7392130657 ESPRESSO
2458709.3511032402 3.9623300199 0.3419283543 ESPRESSO
2458710.2557921801 5.8912263867 0.3064679619 ESPRESSO
2458711.2863742900 2.5662849707 0.4448079807 ESPRESSO
2458712.2556045102 2.8647848123 0.2884200874 ESPRESSO
2458713.2093723901 7.3131431522 0.3278663633 ESPRESSO
2458717.2200429300 7.6616934037 0.2826863443 ESPRESSO
2458717.3923159600 7.8061874322 0.2782744294 ESPRESSO
2458718.2637810698 5.4024212781 0.3848257783 ESPRESSO
2458719.2223263001 2.8764547282 0.3799742446 ESPRESSO
2458720.4058057200 3.1330971724 0.2801985055 ESPRESSO
2458725.1948037501 1.3188658850 0.3246197421 ESPRESSO
2458726.1688133199 -1.6246977934 0.4593537444 ESPRESSO
2458727.3525749501 -3.7774100235 0.2892625377 ESPRESSO
2458728.2146792300 -0.1556972177 0.4951494993 ESPRESSO
2458728.2597815599 -1.0583081353 0.4751113141 ESPRESSO
2458729.3055194402 -0.3905998280 0.3578536194 ESPRESSO
2458730.3085945598 -2.5922334241 0.5139108632 ESPRESSO
2458731.1432695501 -2.3654127140 0.3032404518 ESPRESSO
2458733.1335225301 2.1755208875 0.3663730265 ESPRESSO
2458737.1482557398 6.0212932905 0.6894385291 ESPRESSO
2458737.1943808999 4.4852777642 0.4604732820 ESPRESSO
2458761.2644230900 1.1339294839 0.3396489851 ESPRESSO
2458762.0497867600 5.7434983682 0.3976226775 ESPRESSO
2458762.2034511701 6.3009047919 0.3244356813 ESPRESSO
2458763.2556042699 7.0629492957 0.3161640185 ESPRESSO
2458767.2043322702 -9.3592330576 0.3191384553 ESPRESSO
2458773.0435471600 -0.9182121830 0.3500199723 ESPRESSO
2458774.2768721501 0.3176090734 0.3363652512 ESPRESSO
2458780.1327120201 -4.3607418945 0.2919995114 ESPRESSO
2458781.0769707402 -0.9495579466 0.2761490489 ESPRESSO
2458782.0658957702 0.5505565800 0.3091372445 ESPRESSO
2458783.0461307000 -2.0311414210 0.3669514530 ESPRESSO
2458784.0726867402 -1.3115778958 0.3644011652 ESPRESSO
2458785.0911324900 4.7335418599 0.4391439236 ESPRESSO
2458786.0831813901 3.2780165303 0.3317792428 ESPRESSO
2458787.0604465301 1.1514652259 0.3121651047 ESPRESSO
2458793.0573158702 5.6336227260 0.3589390689 ESPRESSO
2458793.1756834900 6.3095930738 0.3188090657 ESPRESSO
2458802.1450316799 -4.9984461899 0.3149465939 ESPRESSO
2458804.1472370499 0.3129233678 0.3727007276 ESPRESSO
2458805.1457902901 -0.3055403830 0.3572440723 ESPRESSO
2458806.0230188798 -1.9934860289 0.3333878708 ESPRESSO
2458816.0940531502 11.8290500764 0.2999434434 ESPRESSO
2458817.1263078600 8.5422116929 0.3288072213 ESPRESSO
2458818.0717183501 7.2893365706 0.3402331610 ESPRESSO
2458820.1466510901 8.3074968681 0.4074423614 ESPRESSO
2458821.0598866502 4.1018615237 0.2846617432 ESPRESSO
2458827.0774782002 5.9429854959 0.3570455754 ESPRESSO
2458832.0731045101 3.4556958917 0.3549151120 ESPRESSO
2458833.0699302000 3.3316489503 0.3321273967 ESPRESSO
