64.8626043978 0.9021889584 0.8165966173 NIRPS
64.8650557590 2.1403411227 0.8034988177 NIRPS
64.8675071192 0.4606579263 0.8146858928 NIRPS
65.8539924794 1.9909198565 0.8388332980 NIRPS
65.8564438438 0.8855462823 0.8422547796 NIRPS
65.8588952092 1.3547012506 0.8349583139 NIRPS
67.8360986565 -0.4818060319 0.8535498353 NIRPS
67.8385500209 0.2876222773 0.9076500657 NIRPS
67.8410013844 2.0946708148 0.8997987536 NIRPS
70.8657170231 -0.7099804403 0.8623171932 NIRPS
70.8681683894 0.3175376360 0.8502842118 NIRPS
70.8706197557 -1.7153308867 0.8595807606 NIRPS
71.8414125633 -0.8205399322 0.9031275951 NIRPS
71.8438639366 -0.2845301820 0.9014525605 NIRPS
71.8463153099 -2.3374050515 0.8946177169 NIRPS
105.8800826501 1.7217149941 0.8177151440 NIRPS
105.8825340285 2.1090336589 0.8147889066 NIRPS
105.8849854064 2.5213512005 0.8210117301 NIRPS
106.8835412371 3.2637393802 0.8511695863 NIRPS
106.8859926141 5.6186237863 0.8460041551 NIRPS
106.8884439915 3.7771821912 0.8527003078 NIRPS
107.8913290193 3.9172817381 0.8597122549 NIRPS
107.8942965828 3.2032411260 0.8362065597 NIRPS
107.8972641453 5.3230988192 0.8331233165 NIRPS
109.8839235245 6.7744195569 0.8722936467 NIRPS
109.8863748978 4.9203919618 0.8608774552 NIRPS
109.8888262692 4.0643368510 0.8655751328 NIRPS
112.7963359542 1.0564463748 0.7999558057 NIRPS
112.7987873293 1.8094596983 0.7873098777 NIRPS
112.8012387045 1.2751538030 0.7900717204 NIRPS
112.8036900777 0.2113271003 0.7928699667 NIRPS
112.8061414538 1.6956979089 0.7905934955 NIRPS
112.8085928275 0.4701366082 0.7890046347 NIRPS
113.8874749634 0.7839728506 0.8046835226 NIRPS
113.8899263325 0.2094487213 0.8010193050 NIRPS
113.8923777044 1.4274672393 0.7955999830 NIRPS
113.8948290739 2.4936931016 0.7976330959 NIRPS
113.8972804444 0.2504560408 0.7932083980 NIRPS
113.8997318125 2.9402781549 0.8143718352 NIRPS
114.8866587072 1.2787126858 0.8714906774 NIRPS
114.8891100758 0.0200982323 0.9140341515 NIRPS
114.8915614458 0.4698277666 0.8727562674 NIRPS
115.8701869533 0.1746072054 0.8475252274 NIRPS
115.8726383187 1.2473472451 0.8415338846 NIRPS
115.8750896854 0.1339051691 0.8534863253 NIRPS
136.8275857135 -1.1234797004 0.8946794237 NIRPS
136.8300370453 -2.9992009995 0.9019663049 NIRPS
137.6107307854 0.1681811955 0.8104955540 NIRPS
137.6131821182 0.5173559394 0.8098305412 NIRPS
138.8437101115 -1.3231934718 0.8681483985 NIRPS
138.8466776181 -0.0948065392 0.8693141741 NIRPS
139.7378773629 1.5491296221 0.9469406762 NIRPS
139.7403286914 1.0054194368 0.9171534200 NIRPS
139.7427800200 0.7717411074 0.8710467974 NIRPS
140.7555315336 3.2354162165 0.8771568427 NIRPS
140.7579828603 0.7479527568 0.8756305048 NIRPS
140.7604341884 1.2405001843 0.8733972864 NIRPS
141.8394862921 0.6292544960 0.8663830001 NIRPS
141.8419376123 1.1608697176 0.8820211380 NIRPS
142.8536979109 0.7171537422 0.8351018887 NIRPS
142.8561492325 2.2220742427 0.8357354696 NIRPS
143.8864890798 2.1554468188 0.8529166305 NIRPS
143.8889403986 1.4955845784 0.8576508607 NIRPS
144.8298646468 1.0498528068 0.8520077981 NIRPS
144.8323159632 1.0642921860 0.8484140589 NIRPS
145.8469225392 -0.2401096748 0.8438500442 NIRPS
145.8493738528 -0.9013625375 0.8475041198 NIRPS
146.7620470948 -1.7297309170 0.8403580569 NIRPS
146.7644984084 -1.6663787170 0.8445653585 NIRPS
147.6473062062 -2.0677229550 0.8566608307 NIRPS
147.6502736937 -0.4762444732 0.8370485204 NIRPS
148.7557029729 -0.1988259207 0.8851944544 NIRPS
148.7581542847 0.5103360573 0.8628356864 NIRPS
149.8438468445 1.0848779532 0.8987046634 NIRPS
149.8462981530 0.8220449112 0.8715960820 NIRPS
150.7521971758 2.8022015258 0.9111583399 NIRPS
150.7551646517 2.3712708274 0.9370710774 NIRPS
151.6928774328 3.9031050892 0.8873117873 NIRPS
151.6953287385 3.9177252961 0.8909913605 NIRPS
152.8134716246 0.7185680703 1.1852628362 NIRPS
152.8159229239 5.2005412925 1.1418382202 NIRPS
153.8405797081 3.8026022290 0.8644039120 NIRPS
153.8435471691 2.7348544482 0.8636039513 NIRPS
163.6263986002 1.5115955867 0.8638495097 NIRPS
163.6288498631 1.0502837967 0.8659577182 NIRPS
164.5607219716 -0.2580997170 1.2329472601 NIRPS
164.5631732363 0.5882524477 1.0458449355 NIRPS
165.7878420441 0.0000000000 0.8305839338 NIRPS
165.7908094628 0.3928002913 0.8293705128 NIRPS
166.5804342963 0.5705892696 0.8425112812 NIRPS
166.5828855550 1.5077866104 0.8572240660 NIRPS
167.5829429561 -0.4725156776 0.8769911899 NIRPS
167.5853942106 -1.6885990436 0.8804945542 NIRPS
168.6168170827 -1.7562740340 0.7928039132 NIRPS
168.6204294460 -3.5918229798 0.7987380148 NIRPS
169.6771239652 -2.0301500231 0.8551522714 NIRPS
169.6795752137 -3.3750515728 0.8704338027 NIRPS
170.7070484930 -1.4264440982 0.6909915433 NIRPS
170.7118219603 -1.2359981730 0.6919331024 NIRPS
172.8123216755 -2.9171732664 0.7617373706 NIRPS
172.8159340154 -1.4697771736 0.7292392483 NIRPS
173.7492178753 -0.9016110713 0.9106344713 NIRPS
173.7516691149 -0.3902751602 0.9171615860 NIRPS
196.6323240194 4.5113698568 0.8782054456 NIRPS
196.6347751888 1.9427722124 0.8741689091 NIRPS
197.7144998689 0.4821797218 0.8248237004 NIRPS
197.7169510322 -0.4647171325 0.8333794134 NIRPS
198.6176060843 1.0825207279 0.9199794935 NIRPS
198.6200572499 1.5013066442 0.8899251643 NIRPS
200.7744112764 1.4913463983 1.0655677048 NIRPS
200.7768624346 0.3726915903 1.0772870052 NIRPS
201.7758171610 0.2200515045 0.9678850842 NIRPS
201.7782683158 1.5731985765 0.9802906644 NIRPS
203.7078341199 -1.4415695763 0.8264409260 NIRPS
203.7102852673 0.0009372539 0.8121932781 NIRPS
204.7749952860 -3.7843631422 0.8729473976 NIRPS
204.7774464316 -2.7959484591 0.8891629992 NIRPS
219.6864489159 2.5471510856 1.1713693117 NIRPS
219.6889000181 0.5799435353 1.1966789218 NIRPS
221.6199758085 -5.0112447476 0.9088586997 NIRPS
221.6224269238 -4.0450634190 0.9711707219 NIRPS
222.6524169408 -2.3035281851 1.0426003137 NIRPS
222.6548680523 -2.2061823528 1.0426529015 NIRPS
223.6576850945 -0.7667562226 1.0022963320 NIRPS
223.6601361916 0.2183887755 1.0023340902 NIRPS
249.5682940851 -6.1501766327 0.9799478659 NIRPS
249.5707451389 -5.4718543613 0.9835386826 NIRPS
249.5731961918 -3.3727794706 0.9726340415 NIRPS
249.5756472475 -6.8238712489 0.9757075484 NIRPS
249.5780983008 -6.2741333560 0.9879771305 NIRPS
249.5805493565 -4.8997427152 0.9733991619 NIRPS
253.5499276370 -1.2565780850 0.8700667745 NIRPS
253.5523786843 -0.7395957834 0.8644126942 NIRPS
253.5548297307 0.2474732246 0.8578747883 NIRPS
253.5572807775 -1.3118367720 0.8638880820 NIRPS
253.5597318267 0.2876187161 0.8703461696 NIRPS
253.5621828763 0.9149717525 0.8676199739 NIRPS
254.5424719374 -4.0018932068 0.9295419246 NIRPS
254.5449229879 -4.8980096077 0.9161401814 NIRPS
254.5473740376 -3.9578206141 0.9308014083 NIRPS
254.5498250853 -3.4483388444 0.9241786750 NIRPS
254.5522761340 -4.8501503231 0.9192858486 NIRPS
254.5547271818 -4.3602641184 0.9102818802 NIRPS
255.5772689069 -1.1689629586 0.9811410411 NIRPS
255.5797199542 -0.5597968273 0.9612829139 NIRPS
255.5821710001 -0.8176141974 0.9632777895 NIRPS
255.5846220469 -1.3158649227 0.9608737587 NIRPS
255.5870730933 -1.3015326549 0.9802519168 NIRPS
255.5895241392 -1.3185039627 1.0616542832 NIRPS
256.6092870245 -0.8138800940 0.9383110738 NIRPS
256.6117380718 -1.1524732014 0.9699642771 NIRPS
256.6141891191 -2.2819448988 0.9384730105 NIRPS
256.6166401659 -1.5793517286 0.9731790159 NIRPS
256.6190912127 -1.0222596765 0.9770320046 NIRPS
256.6215422554 -0.6833859735 0.9841887867 NIRPS
258.5679510920 4.0589224682 0.9153353745 NIRPS
258.5704021351 2.7676159366 0.9169191870 NIRPS
258.5728531769 3.1271057730 0.9113155444 NIRPS
258.5753042195 3.4452045363 0.8883743562 NIRPS
258.5777552617 3.0755904439 0.8876048355 NIRPS
258.5802063043 4.7579898658 0.8999772136 NIRPS
259.5448165089 0.7317092849 0.8614235044 NIRPS
259.5472675506 0.0143174127 0.8530302612 NIRPS
259.5497185905 0.9218545434 0.8579098426 NIRPS
260.6039808285 0.7112247896 0.8418688871 NIRPS
260.6064318726 -0.5964430537 0.8390696462 NIRPS
260.6088829152 -0.5889568565 0.8473206750 NIRPS
260.6113339574 1.4503295474 0.8563140778 NIRPS
260.6137849982 0.1950975472 0.8575552032 NIRPS
260.6162360394 -0.8439839523 0.8608787572 NIRPS
261.5196386776 -2.7238981421 0.9940426467 NIRPS
261.5220897165 -2.7515038242 0.9943231433 NIRPS
267.5597326565 -0.8287999991 1.0957042745 NIRPS
267.5621836926 -2.0116177659 1.0850294761 NIRPS
267.5646347296 -3.2814071180 1.1233946954 NIRPS
267.5670857644 -0.7749573638 1.0796195848 NIRPS
267.5695368010 -2.9103062959 1.0816150935 NIRPS
267.5719878380 -0.0854037324 1.1553600338 NIRPS
268.5303507578 -1.9670265756 0.8666785696 NIRPS
268.5328017930 -1.1989520285 0.8679885652 NIRPS
268.5352528291 -1.2867914843 0.8493679839 NIRPS
268.5377038643 -1.9231602385 0.8552857111 NIRPS
268.5401548981 -0.8948773618 0.8573343502 NIRPS
268.5426059342 -1.2357532608 0.8649877011 NIRPS
269.5281212414 0.2331123216 0.8487099263 NIRPS
269.5305722780 0.4329747635 0.8493711915 NIRPS
269.5330233118 -0.3633129016 0.8532404932 NIRPS
269.5354743460 -0.8255237387 0.8515562762 NIRPS
269.5379253821 -1.9605694411 0.8617914642 NIRPS
269.5403764173 -0.7265875473 0.8575888455 NIRPS
270.5248570414 -0.2105338384 0.8585975237 NIRPS
270.5273080762 -1.3436481938 0.8549360259 NIRPS
270.5297591095 1.4614019671 0.8492784440 NIRPS
270.5322101424 0.5103465773 0.8527956877 NIRPS
270.5346611761 -0.5407572736 0.8566537746 NIRPS
270.5371122099 -1.1972578427 0.8567573666 NIRPS
280.4850390842 -1.8061640894 0.9498090084 NIRPS
280.4874901124 -1.6639179549 0.9421439671 NIRPS
280.4899411383 -2.7132159093 0.9569418965 NIRPS
280.4923921633 -2.8066637856 0.9485454216 NIRPS
280.4948431910 -2.4301724175 1.0515253342 NIRPS
280.4972942192 -1.8377806431 1.0778551173 NIRPS
281.5127856811 -1.7273513713 0.8584450021 NIRPS
282.5296788542 -0.1333022563 0.9716568655 NIRPS
282.5321298861 0.4351638098 1.0012805111 NIRPS
282.5345809166 -2.0887395135 0.9423315517 NIRPS
282.5370319486 -2.2026849703 0.9412102501 NIRPS
282.5394829796 -2.8900208782 0.9600164443 NIRPS
282.5419340096 -1.1880960387 0.9694742982 NIRPS
283.4744029469 -3.9072082113 1.1190587102 NIRPS
283.4768539728 0.0487369637 0.9358684285 NIRPS
283.4793050000 -0.9982758194 0.9078684727 NIRPS
283.4817560278 0.6090783505 0.9329792184 NIRPS
283.4842070565 -2.9126475108 1.0050472781 NIRPS
284.4964865441 -3.1087016093 1.0023032610 NIRPS
284.4989375737 -1.5160479376 1.1205127019 NIRPS
284.5013886043 0.0119516234 1.0883313901 NIRPS
284.5038396376 -1.7076352361 0.9818314138 NIRPS
284.5062906686 -2.0562256082 0.9647836182 NIRPS
284.5087417010 -2.4697989964 0.9560344065 NIRPS
285.4946798161 1.8519412432 0.9148731516 NIRPS
285.4982918547 2.2381477537 0.8680638345 NIRPS
285.5019038948 -0.3381905558 0.9354425782 NIRPS
285.5055159344 1.1849150146 0.9195347626 NIRPS
286.5003044237 2.5142256159 0.9099209553 NIRPS
286.5027554533 3.5650696516 0.8627065190 NIRPS
286.5052064834 2.0278707952 0.8813206656 NIRPS
286.5076575135 3.0600888205 0.8903063717 NIRPS
286.5101085426 3.8473181785 0.8757395004 NIRPS
286.5125595713 2.5822286569 0.9018230627 NIRPS
287.4888946530 2.6907959768 0.8270573361 NIRPS
287.4913456859 2.1069109439 0.8098906913 NIRPS
287.4937967202 1.0001150106 0.8159525462 NIRPS
287.4962477521 1.8413373395 0.8193490885 NIRPS
287.4986987840 3.1680318380 0.8092600505 NIRPS
287.5011498136 1.3164522018 0.8280195655 NIRPS
288.4876170140 0.6882702416 0.8192457074 NIRPS
288.4900680473 1.2995385824 0.8334502791 NIRPS
288.4925190778 1.9305427800 0.8415494374 NIRPS
288.4949701102 0.8974293694 0.8398818223 NIRPS
288.4974211426 2.0559875112 0.8273111553 NIRPS
288.4998721769 -0.0296464369 0.8293567271 NIRPS
436.8742538169 -2.5728459527 0.9738388437 NIRPS
440.8732461510 -1.0698492060 0.8644419750 NIRPS
440.8756975164 -2.3529870894 0.8557201988 NIRPS
441.8448771965 -1.5994180522 0.8559533943 NIRPS
441.8473285618 -2.1844362656 0.8663998241 NIRPS
442.8663403732 -0.4752565935 0.8499550288 NIRPS
442.8687917446 -2.6392275100 0.8615054061 NIRPS
444.8656956116 0.3080538691 1.2425567961 NIRPS
444.8681469811 0.8938122365 1.0836469094 NIRPS
446.8848403026 -2.2405100741 1.1308156049 NIRPS
446.8872916754 -2.7753635390 1.1361768288 NIRPS
450.8662425759 -1.0812757969 0.9208653647 NIRPS
450.8686939492 1.1156941733 0.9249507941 NIRPS
453.8491046675 -1.2964642005 0.9826307522 NIRPS
453.8515560422 -1.4614785623 0.9521768774 NIRPS
456.8872135999 0.3618983362 0.8843187474 NIRPS
456.8896649750 0.0771139134 0.8921906017 NIRPS
457.7899012831 0.0749955723 0.8972286322 NIRPS
457.7923526559 0.0795610693 0.8867597494 NIRPS
462.7763753515 -2.4593462850 1.1552765615 NIRPS
462.7788267257 -0.7979900743 1.1208804154 NIRPS
465.8609847417 -0.9699658658 1.0312671067 NIRPS
465.8634361173 0.4850197294 1.0103840536 NIRPS
466.8528362121 -1.9828671308 0.9567526793 NIRPS
466.8552875840 0.1288772952 0.9576859215 NIRPS
467.7748588021 -0.0451429975 0.9164346108 NIRPS
467.7773101754 -0.2304041838 0.9157954906 NIRPS
